filesize, occurences
2068, 1
2788, 1
38616, 1
3556, 1
1948, 4
1940, 1
4304, 1
1944, 2
344, 4
340, 5
2176, 2
348, 5
716, 2
285624, 1
1396, 2
1264, 1
1068, 2
7728, 1
1708, 2
564484, 1
2312, 1
1064, 1
1668, 1
296, 10
1664, 1
292, 5
1660, 2
1128, 1
4328, 2
592, 2
596, 3
196, 9
192, 15
272, 4
4656, 1
30288, 1
276, 6
4652, 1
2824, 1
4720, 1
524, 2
1408, 1
520, 3
2384, 1
2388, 2
1016, 2
528, 2
2264, 2
1404, 2
1236, 1
448, 4
1452, 1
4196, 2
440, 3
444, 2
108, 20
9488, 1
100, 32
104, 25
2044, 3
2040, 3
244, 3
32, 301
36, 219
1844, 1
3092, 3
1536, 2
1088, 2
3096, 4
1532, 2
436, 3
2164, 1
23144, 1
432, 4
2160, 2
2616, 2
3804, 2
336, 8
332, 5
1548, 1
158656, 1
1904, 1
856, 2
207428, 1
2680, 1
19620, 2
3392, 2
92, 37
96, 35
3200, 1
3208, 1
203544, 1
740, 1
21020, 1
744, 1
1316, 1
2868, 2
556, 3
552, 3
2948, 1
236, 4
14496, 1
232, 2
3348, 1
2228, 1
21892, 2
2220, 3
1196, 3
1692, 1
1756, 2
1752, 1
144, 16
140, 19
612, 1
616, 1
1052, 1
1276, 2
1888, 1
1884, 1
1284, 4
2124, 1
948, 2
4664, 2
2128, 2
2080, 1
1288, 6
2084, 1
1472, 2
2461984, 1
688, 1
684, 4
1576, 1
1304, 1
1300, 1
5176, 1
35704, 2
2348, 1
132, 21
136, 26
496, 4
492, 3
24, 628
20, 708
5580, 1
2036, 1
28, 421
74308, 1
2156, 1
404, 2
4984, 1
2152, 1
400, 7
4864, 1
408, 5
3932, 1
8336, 1
1952, 3
1228, 2
162432, 1
3844, 1
824, 1
372, 6
376, 9
708, 3
3399216, 1
700, 1
392, 4
88, 37
396, 6
9012, 2
1484, 1
80, 36
1488, 1
84, 54
4044, 1
1712, 2
1716, 1
79124, 1
2304, 3
2144, 2
1656, 1
584, 1
580, 4
2280, 1
2140, 1
2284, 2
1136, 1
588, 4
4548, 1
240, 3
7788, 1
248, 4
2276, 2
1432, 2
2576, 3
2796, 3
1008, 1
2308, 2
512, 4
516, 4
1348, 1
2596, 2
620, 1
4264, 1
81916, 2
624, 1
4180, 1
452, 2
628, 4
1344, 1
2452, 2
1084, 2
27640, 1
6208, 1
176, 24
172, 17
976, 2
2052, 1
2056, 1
656, 1
180, 4
652, 1
184, 10
188, 8
3080, 2
2624, 1
5892, 1
1912, 1
2112, 1
1280, 2
868, 1
12, 3258
16, 1176
864, 1
2756, 1
6216, 1
31388, 1
2828, 1
2028, 2
7400, 1
3900, 2
884, 1
279872, 1
796, 2
3232, 1
279576, 1
1968, 2
3077708, 1
1612, 1
320, 4
324, 6
328, 6
200, 8
776, 2
204, 9
2245496, 1
208, 6
76, 59
72, 63
2972, 1
2332, 1
3380, 1
2232, 2
5108, 1
2236, 1
1680, 3
1688, 1
1760, 2
10944, 1
1764, 3
1788, 2
1140, 2
7812, 1
6964, 1
1144, 2
668, 2
664, 1
2377408, 1
2096, 1
3656, 1
692, 1
2524, 1
1544, 3
3284, 1
7612, 1
2708620, 1
540, 4
2248, 1
1468, 1
2244, 2
1464, 1
548, 2
15996, 1
2464, 1
944, 1
2660, 1
5148, 1
5144, 1
120, 31
3400, 1
6916, 1
124, 22
7880, 1
128, 19
74312, 1
1828, 1
1820, 1
928, 1
416, 3
239168, 1
558016, 1
412, 1
2416, 1
920, 2
2064, 1
2148, 1
312, 8
316, 3
3372, 1
2768, 1
1924, 1
1928, 1
2024, 1
266988, 1
4288, 1
12508, 2
2664, 2
368, 6
364, 3
360, 4
7532, 2
6820, 1
6572, 1
380, 2
1252, 1
384, 5
2696, 1
388, 4
784, 2
2412, 2
780, 3
1640, 1
1724, 1
148, 10
788, 5
2692, 2
572, 1
576, 2
3756, 1
60, 102
3004, 2
64, 86
1832, 1
252, 7
2800, 2
256, 9
51508, 1
1208, 1
2200, 1
1420, 1
2204, 2
1424, 2
2208, 1
1428, 2
2404, 1
386292, 1
732, 3
508, 3
2368, 2
1032, 1
504, 2
1036, 1
500, 2
2360, 1
632, 1
1216, 1
468, 5
636, 1
464, 2
2424, 1
460, 2
168, 10
164, 12
160, 35
964, 2
960, 2
6296, 1
4832, 1
968, 1
6292, 1
239172, 1
1100, 1
2516, 1
2512, 1
2104, 1
5296, 1
2632, 2
5884, 1
2514364, 1
1816, 1
1812, 1
1240, 2
6416, 1
872, 1
3184, 1
2740, 2
2231320, 1
680, 1
2168, 2
1156, 1
896, 1
4952, 1
356, 5
808, 3
352, 2
54572, 1
800, 1
2604, 2
804, 1
216, 12
768, 1
212, 8
1780, 1
760, 1
3648, 1
1784, 1
2968, 1
764, 2
3044, 1
3644, 1
1772, 1
1076, 1
2328, 1
4632, 1
288, 5
280, 2
1676, 1
284, 6
3760, 1
1096, 1
64568, 1
676, 1
1440, 1
56020, 1
672, 1
1152, 1
1560, 1
260, 3
264, 2
268, 3
6012, 1
1556, 1
1296, 1
56, 81
2996, 2
52, 112
536, 1
532, 1
233944, 1
2472, 2
1324, 1
1328, 1
85536, 1
68, 61
116, 35
3032, 2
112, 23
8688, 1
150840, 1
76368, 1
2784, 1
151000, 1
1852, 1
4412, 1
1856, 1
1256, 1
428, 3
1520, 2
420, 6
1528, 1
424, 2
912, 1
308, 9
300, 2
304, 6
3260, 2
1936, 2
158644, 2
9316, 1
158648, 1
844, 2
840, 1
3504, 1
7376, 1
2223684, 1
2672, 2
74024, 1
19344, 1
2924, 2
131096, 1
1636, 1
1988, 1
704, 1
51228, 1
1384, 1
568, 2
752, 2
6896, 1
756, 1
2812, 1
560, 1
736, 2
564, 1
7640, 1
228, 5
224, 2
220, 11
7080, 1
1020, 1
1188, 1
3376, 1
1184, 2
1028, 3
1748, 2
2602884, 1
720, 1
2352, 1
3772, 1
728, 2
604, 4
152, 24
1160, 2
600, 6
156, 16
48172, 1
1168, 2
16824, 1
1896, 1
1892, 1
2132, 1
7296, 1
48, 104
4924, 2
44, 147
3100, 3
2000, 1
40, 175
956, 1
1568, 2
3300, 1
2508, 1
1292, 4
2504, 2
1564, 2
250312, 1
4096, 1
2720, 1
1356, 1
488, 2
8412, 1
484, 1
480, 4
7580, 1
472, 2
1364, 2
476, 1
3192, 2
1368, 2
