840
44
12
28
1568
60
20
12
16
12
12
896
356
72
12
60
16
12
36
48
12
24
552
16
24
12
28
24
32
12
12
1924
16
12
12
16
16
12
12
160
16
12
12
2824
12
16
12
12
16
24
20
12
48
12
64
272
16
16
16
2064
12
40
12
12
1712
12
24
84
12
160
1772
24
16
16
48
24
48
12
20
16
12
2308
12
12
2672
92
28
12
60
24
20
12
16
16
132
48
24
20
16
104
12
24
100
12
20
320
136
12
276
28
16
64
36
12
180
52
24
336
108
36
52
2461984
12
12
16
12
32
12
12
2452
2868
20
28
12
12
12
12
24
12
24
16
16
28
12
100
28
12
128
1276
44
20
12
112
12
16
12
308
12
12
20
260
20
20
28
24
32
12
2132
84
28
136
20
64
28
20
76
12
16
24
248
12
12
24
64
28
124
2056
316
12
72
28
16
16
436
12
16
12
64
16
12
12
12
12
12
12
12
12
12
16
44
12
48
32
32
24
52
28
12
12
16
16
12
12
32
180
12
12
12
239168
12
428
40
12
216
96
12
16
2660
12
20
16
24
12
12
12
12
12
12
20
40
24
16
24
16
12
12
28
20
20
484
16
12
148
12
20
60
12
12
40
12
12
24
12
272
12
1660
20
20
16
32
12
24
12
12
12
16
12
12
28
16
16
16
12
12
152
12
12
156
96
12
12
36
12
24
12
12
204
20
36
20
152
28
16
12
12
4328
12
20
312
28
12
136
12
12
16
140
12
692
176
28
24
68
12
16
76
16
24
12
12
20
1344
20
20
20
12
24
52
16
12
16
20
32
20
20
404
44
2368
2044
16
212
28
12
20
24
48
12
128
12
36
12
12
16
120
104
28
20
20
24
12
16
12
28
12
12
16
1780
12
24
558016
20
12
12
12
160
28
48
16
20
20
708
108
32
36
196
2228
52
16
12
40
32
16
3004
12
12
16
28
32
12
36
84
20
552
32
12
32
20
20
40
12
24
72
16
24
36
1288
140
44
12
12
16
96
16
12
12
12
2740
12
12
12
12
56
12
12
44
64
24
40
12
176
36
48
12
12
60
12
12
36
12
32
16
112
20
20
28
12
20
4548
12
40
12
3260
116
16
24
348
12
3376
48
12
12
1140
168
472
40
12
20
48
32
1288
12
16
12
12
108
16
12
12
3092
2692
12
12
12
20
100
12
24
12
36
12
36
12
376
12
16
1292
156
28
28
52
3080
12
16
160
28
20
24
12
12
44
52
28
16
20
12
32
40
16
12
12
12
36
308
44
12
28
12
16
112
56
52
76
532
16
2128
12
468
20
150840
268
20
12
12
12
312
12
96
36
12
16
16
20
12
68
20
104
28
32
20
100
12
2208
344
16
16
4180
344
60
12
592
12
112
12
12
12
16
16
12
332
12
20
12
16
28
12
16
68
20
20
452
208
132
16
36
12
16
12
24
212
52
12
12
76
20
56
24
16
12
44
24
88
36
12
16
12
12
12
12
12
12
96
12
48
152
12
16
16
12
72
80
160
24
12
16
12
28
12
36
20
20
188
12
12
12
28
32
12
12
12
12
740
192
12
32
44
12
28
16
192
60
308
24
12
16
72
20
16
20
12
12
160
52
12
12
12
12
12
16
28
12
12
20
36
628
56
12
16
36
36
152
2040
16
32
12
76
2796
132
24
12
24
12
12
24
12
12
88
36
12
52
12
16
16
16
40
12
16
60
12
12
12
16
12
56
24
20
12
12
12
80
52
12
152
1016
4652
12
12
12
12
140
60
24
16
3399216
12
20
20
12
12
4288
16
12
44
32
12
16
12
48
12
20
1748
16
668
144
124
12
12
12
64
12
16
60
36
76
12
104
12
160
12
12
1016
396
12
20
3092
12
40
40
12
32
28
12
12
36
28
16
16
40
20
28
1712
136
24
28
32
12
24
12
12
104
12
76
16
56
48
1820
56
12
12
144
44
24
572
12
104
16
24
32
28
20
12
12
16
96
16
20
16
12
12
24
20
12
12
12
12
40
16
12
40
24
12
2044
12
12
20
64
60
20
28
12
20
12
44
12
12
284
12
24
12
28
72
24
12
12
88
16
16
12
12
12
76
28
12
16
20
12
12
16
24
12
16
12
12
32
24
24
12
16
104
12
12
12
40
16
12
20
12
12
12
40
12
16
12
24
16
12
12
20
12
1276
12
12
12
12
32
12
12
20
24
24
12
24
12
40
20
24
16
12
12
52
24
12
24
12
24
12
12
12
20
24
12
12
96
12
108
16
20
148
44
460
116
12
16
12
36
12
12
12
308
16
100
12
32
16
776
12
356
12
16
12
64
44
12
16
16
12
12
28
12
20
76
24
808
12
12
52
20
60
28
60
12
12
1036
32
40
12
12
28
12
12
12
20
52
20
24
44
28
220
20
468
12
12
12
12
36
24
2800
492
12
5148
1536
16
12
16
20
1216
6916
464
160
12
12
16
16
12
12
40
24
12
16
12
124
96
60
16
12
216
20
28
16
12
16
16
12
16
28
24
244
28
12
52
12
2616
12
12
12
16
12
12
12
12
32
12
84
24
1948
64
28
12
16
12
12
12
12
32
12
28
20
12
24
12
28
732
1160
12
52
144
172
12
12
132
1364
28
56
116
12
24
16
84
12
16
28
40
80
16
12
24
52
588
24
24
24
48
36
12
216
20
12
116
12
64
12
12
16
12
48
68
16
12
16
12
52
44
12
12
12
20
2464
16
12
12
16
12
1532
12
12
12
76
1660
12
16
2096
316
20
40
12
12
32
2044
16
12
12
12
52
20
64
16
88
12
1528
160
12
736
2040
28
108
12
12
12
16
32
16
12
12
48
440
16
2276
60
12
40
20
16
12
12
168
24
12
12
16
16
12
24
12
28
20
16
12
12
196
12
12
12
32
12
16
20
16
16
128
20
12
12
40
40
20
16
40
16
24
12
72
12
28
12
16
72
108
256
36
20
32
36
32
12
124
12
28
12
12
152
12
5892
24
20
12
24
16
28
2160
12
21892
24
12
20
20
3504
2280
28
12
12
1832
12
48
24
20
12
60
20
28
12
64
32
24
16
52
20
20
48
760
40
16
12
108
12
4096
524
12
1428
12
12
80
12
132
12
12
24
72
36
16
16
12
16
432
16
24
16
16
12
20
52
12
304
52
12
20
28
32
16
12
20
24
28
12
16
28
80
24
16
88
24
12
36
12
24
240
16
20
12
12
12
12
32
16
24
76
20
12
12
12
28
12
24
28
16
36
24
12
12
12
1680
32
12
28
16
12
116
12
36
12
20
56
2968
12
3092
12
16
12
120
12
16
12
12
300
16
588
16
12
2328
12
72
40
24
12
152
44
24
24
12
12
12
12
36
164
56
368
12
2360
1576
52
28
60
80
320
100
151000
20
28
172
32
248
16
40
40
16
24
12
136
12
16
12
116
12
72
188
20
12
12
28
20
24
4196
16
16
16
28
120
76
2784
60
80
84
32
80
20
16
108
16
12
12
24
12
32
12
20
28
20
12
60
16
24
20
20
16
12
16
16
12
36
266988
32
52
12
12
20
60
20
12
16
176
60
12
12
12
40
504
16
2948
12
12
12
24
20
64568
24
12
12
16
32
32
1144
360
24
12
88
16
16
40
12
12
36
12
36
68
12
60
20
2388
16
16
16
36
40
12
1136
16
12
12
44
12
20
48
12
12
12
12
2040
28
12
16
20
32
28
20
1028
12
16
20
28
12
20
16
16
20
20
124
80
16
116
20
16
12
24
24
120
12
16
36
12
16
12
12
12
12
12
16
12
604
12
48
28
108
52
12
36
32
72
16
16
36
2164
12
12
16
16
12
96
24
16
12
12
20
76
120
12
12
360
32
12
56
24
20
16
68
52
80
84
12
12
12
12
12
12
12
24
16
12
12
24
28
28
16
12
16
12
16
76
76
132
12
12
28
12
1568
24
84
12
52
12
12
160
12
12
212
12
604
2680
12
920
12
16
28
56
68
956
16
764
24
12
12
72
60
128
56
12
20
12
12
40
12
12
12
212
16
12
16
12
220
12
368
12
16
32
28
12
16
16
12
16
20
1160
12
16
20
12
20
88
16
12
24
12
420
16
24
28
32
5580
2244
12
20
20
44
12
12
12
16
296
74308
20
16
1432
24
12
12
20
16
32
64
32
12
32
16
16
12
16
12
16
16
20
12
612
2672
12
100
92
24
24
16
68
200
24
12
40
40
2996
24
32
12
376
20
16
24
24
12
84
16
32
16
12
12
24
12
24
16
28
128
12
12
308
28
12
36
12
168
12
44
12
12
72
212
32
12
184
20
12
24
12
12
144
116
92
12
588
12
16
20
24
72
220
16
28
32
1844
28
12
12
100
12
16
12
12
16
16
60
12
12
16
12
20
104
12
12
12
84
20
12
12
20
12
36
12
36
12
12
12
16
40
12
968
64
24
136
20
12
12
12
12
140
12
16
28
12
12
12
24
64
32
28
16
148
16
160
100
28
176
12
44
12
156
12
20
40
28
16
32
32
12
2720
12
12
60
76
1168
12
12
28
16
12
16
12
28
12
12
16
12
108
12
12
40
16
376
24
296
2524
16
32
2424
12
16
16
28
12
172
12
32
12
24
276
12
16
1912
12
20
24
56
468
12
12
20
16
20
188
12
88
12
36
16
12
12
16
16
16
16
92
12
36
12
12
12
580
12
40
192
616
32
16
12
32
12
44
20
12
76
24
40
20
24
52
12
12
20
356
12
12
32
52
16
12
28
12
12
12
140
12
12
56
12
12
32
20
32
36
40
12
92
36
12
20
16
48
12
12
16
12
340
20
72
108
12
12
20
32
12
24
12
304
16
12
400
12
9488
1564
2388
16
40
12
24
16
24
12
128
104
16
28
136
24
52
12
12
80
28
12
120
116
16
12
12
12
40
12
60
20
32
384
12
12
28
28
12
12
12
32
12
80
20
16
24
52
44
12
3348
24
12
20
12
16
12
12
16
8336
64
24
12
16
16
28
204
12
12
28
60
176
788
24
36
60
68
40
12
16
12
28
20
44
20
12
1168
48
32
12
20
12
128
28
20
12
36
12
12
24
12
20
28
12
20
100
20
28
376
12
1088
12
24
136
12
12
12
20
12
12
32
12
20
16
124
24
1008
60
220
12
12
24
12
12
40
12
12
12
28
52
2740
784
2602884
12
16
12
12
24
160
1680
24
24
16
12
308
20
12
12
88
24
2112
28
36
12
20
16
2264
24
12
184
12
136
180
192
16
16
44
16
1888
12
16
40
12
1052
12
68
28
12
12
28
12
684
24
32
116
12
24
12
24
188
68
24
64
520
40
20
12
16
16
12
16
12
668
16
24
20
16
12
16
32
28
44
24
5176
12
12
12
1664
16
28
12
40
20
20
16
16
24
176
428
12
20
12
24
1288
16
32
20
12
12
1896
16
12
96
112
12
12
400
12
204
12
16
1928
16
176
12
12
20
12
12
124
28
16
12
28
1944
12
12
28
12
20
12
12
32
216
16
32
12
1756
16
28
16
20
12
48
160
12
12
12
84
12
48
16
12
1944
24
16
16
12
124
12
12
84
48
184
20
12
72
20
40
16
16
16
16
12
12
60
12
60
12
12
16
12
24
212
12
56
12
20
12
2104
104
28
20
5884
12
124
36
20
20
12
52
20
56
68
40
12
40
12
12
16
44
16
156
116
2788
16
12
48
56
192
12
36
20
156
12
20
12
32
272
16
80
16
16
16
12
24
44
16
12
56
20
12
12
196
12
32
12
12
96
12
16
176
16
20
12
40
16
124
16
508
64
16
12
28
3080
74024
24
24
12
28
16
580
32
12
100
20
32
108
1284
12
12
52
12
16
12
12
36
16
44
12
24
36
84
28
12
164
28
20
12
32
28
12
12
884
40
136
12
64
12
16
16
32
88
16
20
16
32
92
16
132
36
12
16
12
24
132
12
12
12
12
76
392
20
24
16
12
16
16
16
3184
160
76
16
12
28
60
12
24
24
12
12
16
384
24
12
12
12
24
12
20
28
12
1196
12
1812
12
60
24
12
84
12
116
12
28
108
20
144
12
12
140
12
12
44
12
20
64
24
84
12
16
24
256
36
12
236
52
12
12
16
20
32
12
92
2796
12
392
32
416
12
12
16
12
16
216
24
12
32
16
1304
20
16
12
12
12
44
24
40
16
12
60
20
12
12
24
140
12
12
20
12
44
12
204
56
24
40
12
36
12
12
12
28
32
12
36
16
16
12
12
24
20
12
81916
72
100
12
12
12
44
20
48
2576
279576
12
12
12
148
12
12
84
12
16
12
16
16
12
40
16
688
96
12
12
12
20
12
232
24
512
81916
12
16
12
12
12
40
48
16
24
12
12
16
16
20
20
24
12
12
12
16
12
12
32
24
12
60
12
12
40
12
12
120
20
16
12
60
176
24
12
96
12
64
12
44
12
200
12
20
12
12
24
40
28
12
68
12
244
20
16
12
16
16
12
24
28
16
12
20
36
12
140
12
12
12
1764
120
12
40
192
20
16
32
16
16
12
7400
12
24
44
12
252
1988
36
16
76
28
28
28
20
132
16
28
12
12
52
2236
12
48
172
16
12
12
24
28
496
184
16
12
20
12
36
12
44
12
24
76
20
16
548
88
12
24
36
20
32
48
20
32
24
12
12
84
12
16
28
1708
16
40
68
20
16
12
12
32
12
16
16
28
56
12
36
12
12
36
100
56
216
12
12
68
12
36
52
44
12
48
48
336
28
12
20
12
24
7788
16
136
2868
12
68
2708620
32
12
40
56
12
12
12
16
12
12
40
12
12
20
12
16
12
12
12
20
12
12
12
12
1064
16
16
96
12
12
20
12
84
52
44
188
16
12
12
32
24
16
256
12
28
12
12
24
12
328
56
12
12
12
176
16
12
32
12
16
12
16
408
24
12
16
12
64
12
12
160
12
200
12
12
12
636
56020
56
120
12
296
12
20
12
60
24
84
12
28
36
16
12
12
28
32
28
188
24
12
12
44
136
12
1692
12
16
12
24
28
20
1544
12
132
16
12
12
208
12
104
624
20
12
24
16
296
24
16
20
12
12
40
6820
16
28
44
12
12
24
1020
24
16
136
116
364
233944
24
48
16
36
2304
5108
24
12
12
12
44
24
20
1100
152
12
24
32
20
44
12
12
12
20
64
20
16
16
128
12
12
20
20
32
24
12
12
20
3760
16
48
36
164
12
12
9012
20
12
12
16
20
12
12
12
12
68
24
12
16
36
12
12
84
12
16
24
76
16
100
52
52
12
12
12
36
16
100
24
52
12
12
32
12
32
16
12
136
32
28
144
16
20
16
16
12
24
116
36
12
24
16
12
496
44
12
16
20
12
24
52
16
12
16
40
48
64
12
36
32
136
64
20
68
12
444
132
80
60
32
160
24
16
20
12
12
24
16
12
48
12
12
128
20
28
16
348
44
12
32
12
16
28
768
48
60
12
112
12
140
12
24
52
16
12
16
164
16
12
20
24
12
36
172
32
96
148
2052
12
20
416
12
36
44
1468
80
12
12
28
12
24
20
68
68
48
56
32
24
12
96
52
16
48
20
24
12
12
24
36
16
12
36
1520
152
12
12
420
16
16
12
12
12
2508
24
356
176
516
60
64
28
36
80
24
12
12
12
12
16
16
76
12
12
16
1948
16
16
20
84
20
16
60
16
32
208
192
32
12
20
136
12
12
12
12
12
64
12
12
12
2452
12
596
28
12
480
12
28
12
48
12
16
12
24
16
12
12
12
12
12
12
20
88
276
12
12
16
16
24
36
16
24
12
16
12
32
32
12
36
12
12
1756
20
12
24
12
16
12
120
16
12
588
12
16
76
80
12
24
24
596
4196
28
24
68
12
2024
12
72
1284
32
12
12
20
56
20
12
32
12
7580
20
16
12
12
12
16
12
12
700
48
736
1544
16
1184
12
76
20
12
16
32
20
240
20
32
64
12
12
24
20
12
12
48
12
108
36
3900
40
104
28
920
752
36
3372
12
224
16
16
140
12
12
24
20
124
16
12
44
12
40
16
12
3392
12
152
12
320
16
556
28
16
24
16
92
24
16
32
12
12
16
44
44
12
40
32
12
12
12
16
108
20
12
16
12
104
16
16
76
6964
48
140
708
76
60
20
12
12
12
28
44
12
32
24
68
28
20
20
12
20
12
32
16
48
12
20
12
32
1128
3096
16
16
12
44
12
12
85536
16
40
28
20
52
12
8688
24
16
12
20
16
556
16
12
12
12
32
12
52
16
60
68
12
16
12
16
496
20
12
20
12
12
16
12
16
56
12
376
16
20
1076
84
24
56
20
600
64
12
36
28
16
24
64
12
20
2368
12
176
12
68
16
20
20
40
20
380
56
48
24
20
20
28
28
28
36
148
72
516
36
752
20
20
12
12
12
64
16
158656
12
12
1884
36
16
12
12
20
20
12
12
20
24
12
12
64
16
32
32
16
16
36
12
84
52
12
68
16
12
12
36
16
312
16
12
100
12
16
12
16
36
16
16
12
44
20
12
12
76
1028
3556
64
24
16
12
808
16
36
16
16
60
16
12
16
152
12
64
164
12
380
12
16
12
12
16
16
12
12
1464
12
32
124
44
48
12
12
24
12
12
24
16
16
16
32
12
12
12
396
32
36
12
16
12
12
12
32
2596
28
28
12
80
12
12
24
20
20
12
12
12
1892
12
16
12
28
16
2796
24
56
116
16
20
12
16
12
12
12
12
12
16
776
12
24
1788
76
124
12
12
156
92
12
12
16
12
12
20
304
12
12
24
16
12
24
28
12
260
16
24
684
16
72
12
16
12
36
1068
20
12
16
20
16
144
12
28
16
28
28
28
24
1424
16
36
48
12
16
20
84
12
12
48
36
16
12
16
44
16
12
12
12
36
12
12
12
24
72
12
16
12
1196
12
28
12
56
16
12
12
16
824
4412
12
12
20
12
16
6216
12
16
12
200
12
28
24
452
72
32
12
12
2692
432
44
16
12
12
12
72
12
44
12
12
12
6572
100
12
12
20
32
72
12
12
24
12
352
12
12
44
1488
28
16
16
24
12
28
12
60
60
12
44
60
12
12
16
36
48
132
12
12
24
12
396
12
308
88
20
24
36
12
28
20
332
12
12
20
12
16
44
12
100
12
12
20
12
60
52
7640
12
80
12
16
84
16
51508
1208
4924
12
28
112
28
32
36
36
28
168
20
1088
20
116
12
12
12
16
232
16
28
20
52
44
40
44
16
72
176
104
12
12
12
12
12
12
104
24
12
24
12
12
12
32
24
20
12
28
16
16
36
3096
12
44
12
32
12
28
12
2516
28
12
36
20
12
12
20
12
16
28
12
44
12
16
16
12
116
12
16
12
24
12
12
40
12
448
12
20
12
192
12
12
76
12
16
12
36
12
12
76
12
12
188
20
12
12
120
72
52
24
220
12
56
12
12
12
16
288
32
804
24
12
12
28
336
28
12
24
16
16824
12
16
32
2604
12
20
12
32
16
28
36
12
16
80
20
24
16
12
12
12
120
2756
12
68
12
132
1396
12
12
84
12
324
556
24
12
48
12
108
36
12
136
28
12
28
12
12
40
15996
960
36
24
12
80
2264
32
16
36
24
408
12
12
20
784
12
16
12
12
68
12
24
28
12
116
12
12
64
16
100
12
28
12
500
68
16
16
12
28
48
16
12
12
12
1676
72
12
80
24
1952
24
28
12
16
12
24
40
28
12
684
16
20
448
12
16
16
2576
12
28
64
12
72
12
12
16
24
20
20
12
116
12
24
20
48
12
12
24
12
52
16
12
40
68
20
16
372
28
20
12
20
12
20
16
20
12
16
12
3044
24
12
24
12
20
16
12
24
176
72
12
12
48
16
16
32
16
16
24
20
40
36
16
16
12
1084
24
12
28
32
28
32
20
392
12
16
24
16
52
196
16
32
140
16
80
1556
24
500
312
2632
20
20
16
12
12
24
20
12
12
12
16
48
12
24
12
16
20
28
12
12
12
28
64
60
12
12
60
48
20
28
20
12
48
24
24
396
28
12
12
36
4952
12
12
20
28
24
12
36
20
12
20
16
12
16
928
12
12
20
16
12
104
40
12
12
20
60
12
260
12
12
12
32
24
1936
12
12
16
36
12
16
16
28
16
12
12
12
12
12
24
48
24
16
16
12
12
12
12
16
788
36
36
20
28
12
76
44
24
12
864
72
16
16
40
436
12
12
36
12
12
12
24
12
20
88
144
12
32
16
48
6416
172
40
704
136
428
12
16
36
36
12
36
12
20
24
60
24
12
12
12
32
12
12
12
12
160
300
12
20
12
24
12
40
12
52
12
16
28
4632
12
120
16
12
12
84
16
12
24
144
12
92
20
220
28
64
12
12
16
48
12
12
16
36
12
12
20
32
12
23144
12
12
36
12
12
12
12
12
12
12
32
32
12
12
12
12
28
12
176
12
16
12
176
24
24
20
1408
12
20
12
152
28
12
132
12
12
20
12
285624
12
12
192
16
12
12
16
16
12
288
16
20
24
2632
20
12
44
12
36
12
128
28
200
12
12
12
16
24
24
1424
12
40
20
32
144
72
12
100
12
308
12
40
84
12
72
492
76
12
24
16
4720
20
12
12
28
12
12
32
12
76
16
16
24
16
12
28
12
44
12
20
48
152
88
32
12
16
12
28
12
120
28
12
12
12
12
20
16
36
12
16
28
12
12
12
24
20
12
68
79124
28
12
16
24
12
20
24
540
88
1420
40
12
436
16
12
96
28
12
16
12
12
24
12
16
60
20
12
32
28
40
12
12
12
16
12
12
36
12
3380
12
28
12
56
1368
12
16
12
12
24
12
12
32
600
48
52
20
100
12
40
20
12
203544
2160
24
52
1816
12
20
20
12
28
12
120
1032
36
100
12
12
12
40
12
12
12
20
12
16
16
2504
172
12
104
88
12
16
12
1404
7612
24
160
364
28
44
24
16
12
196
28
28
176
60
52
12
24
84
744
12
12
168
96
584
12
24
1084
7532
12
520
40
12
24
12
12
28
12
12
16
16
36
40
12
20
516
100
12
80
24
12
16
12
12
12
24
76
1708
12
12
208
68
12
20
12
12
24
12
28
12
20
24
12
16
348
12
12
20
12
136
12
40
1952
20
12
12
12
12
16
92
36
12
88
24
44
12
6296
12
12
12
40
12
28
12
12
680
2332
16
12
84
16
28
12
16
16
72
20
12
44
32
16
56
52
12
12
24
28
12
12
16
1636
12
44
24
12
40
2245496
24
12
20
20
88
12
28
12
12
408
12
12
16
32
16
12
12
10944
12
12
12
12
44
12
24
16
36
12
28
68
28
16
404
12
20
132
24
20
20
16
28
20
12
60
3260
32
16
24
12
12
16
24
20
40
20
228
16
158644
16
16
36
16
24
52
12
24
12
32
24
16
12
12
208
48
14496
16
540
12
12
12
652
12
12
24
2800
44
44
64
24
136
16
16
36
80
64
12
44
12
32
12
20
96
16
32
16
12
1384
400
24
12
12
12
12
12
12
12
20
16
24
74312
64
112
548
16
12
12
12
12
64
20
12
64
12
16
32
36
16
16
12
12
12
80
56
844
92
12
12
12
12
16
16
60
3804
12
32
12
12
1364
36
12
12
16
12
40
24
24
96
84
1852
12
88
12
60
12
16
12
16
672
84
5144
176
56
12
20
12
12
24
16
24
12
32
12
520
60
12
12
84
12
12
20
12
52
12
32
12
24
12
12
12
12
144
24
52
60
20
12
84
12
976
12
20
16
16
12
20
12
36
16
32
12
12
12
28
32
24
12
24
480
12
16
12
12
16
20
16
2576
16
16
28
16
684
176
12
20
496
40
12
12
12
28
12
12
20
92
28
40
35704
24
12
12
64
84
12
1560
28
20
24
12
52
16
216
20
20
12
24
12
32
16
16
12
336
12
12
28
100
16
12
12
12
16
20
12
12
2144
24
12
24
12
20
12
12
36
16
16
88
24
16
164
84
12
12
12
68
24
164
12
16
36
20
12
24
12
72
324
20
12
16
16
12
28
12
184
12
16
250312
40
12
124
76
12
560
12
20
20
16
36
32
12
12
3208
20
24
12
20
12
12
92
12
16
68
16
32
72
12
52
12
12
3200
52
12
12
24
12
76
20
12
12
964
24
36
72
12
12
24
20
12
3656
20
24
12
44
24
20
52
12
20
12
12
16
28
3900
12
1724
24
60
16
40
12
32
40
384
256
24
32
40
40
12
36
12
12
44
76
24
272
20
12
24
12
16
12
12
12
64
76
16
12
12
144
2248
56
20
1484
16
12
40
12
12
12
16
12
12
16
28
28
32
32
20
12
12
12
12
24
20
32
448
408
32
20
96
16
12
36
344
20
1452
12
20
44
16
12
16
28
24
20
40
3192
28
80
44
12
32
708
24
196
12
32
12
12
148
12
16
207428
24
40
20
116
552
12
68
12
28
20
1096
20
12
32
12
28
12
116
96
12
12
24
20
400
16
32
16
16
100
12
24
20
12
48
120
20
40
256
16
12
36
116
20
32
36
12
24
12
12
12
12
12
24
16
12
28
112
12
12
12
16
12
20
12
12
16
16
344
12
12
32
24
20
12
60
12
40
16
16
12
16
12
88
24
284
12
28
2304
12
116
12
56
4328
52
44
1640
24
20
12
20
20
12
12
12
12
24
16
12
424
16
16
104
20
20
28
48
12
12
12
12
16
12
32
12
600
12
68
12
36
28
20
12
168
12
236
56
64
92
20
28
12
12
20
124
32
16
16
16
12
56
20
12
28
12
40
12
12
12
32
20
12
20
32
16
64
460
12
112
32
12
808
12
12
12
16
12
100
1256
32
132
28
12
16
12
52
12
64
12
44
24
20
12
12
20
204
20
656
12
24
12
12
20
12
32
420
12
24
20
12
16
12
976
12
88
72
200
12
12
24
24
16
12
32
12
12
28
40
16
20
20
16
12
12
12
20
12
140
12
12
12
12
252
112
28
12
20
16
92
12
30288
32
120
20
12
24
12
12
184
12
64
40
92
56
24
20
12
16
16
20
7728
2000
12
96
28
24
84
12
12
12
12
56
16
12
20
12
120
12
32
28
40
12
12
56
20
20
16
92
12
12
12
16
12
156
104
28
20
12
12
296
132
24
12
12
1296
12
24
20
12
80
4864
51228
112
12
12
12
16
12
32
124
12
12
36
12
12
28
12
16
72
12
40
20
12
12
80
16
12
24
16
48172
36
28
12
32
20
12
12
1760
20
12
216
36
12
12
12
12
24
1948
16
12
64
12
12
12
16
28
28
160
80
24
340
12
16
12
48
12
48
12
60
1764
40
120
16
156
12
12
12
160
12
32
64
28
12
16
12
52
84
12
2124
24
12
16
1328
16
12
336
16
2168
16
16
24
68
20
12
140
432
16
12
24
12
16
36
16
20
280
24
12
32
12
12
64
20
12
256
24
1536
12
464
20
36
72
12
16
12
28
24
16
28
12
16
12
24
76
12
2168
36
12
12
160
24
24
28
35704
2204
16
12
24
20
12
2384
16
16
24
12
168
12
24
12
12
1188
12
12
24
24
2812
6292
24
12
16
16
12
12
12
1284
16
12
12
52
40
12
12
16
16
28
104
1396
60
312
24
12
24
12
88
28
12
36
20
52
12
116
16
12
128
12
12
20
12
80
24
44
24
16
36
24
92
16
16
12
88
20
600
16
176
328
16
24
12
76
16
12
36
40
32
16
64
12
12
12
376
16
12
24
20
1688
20
40
112
3232
104
32
24
12
12
44
340
24
16
28
12
12
32
20
12
12
20
32
12
20
12
12
172
172
20
20
24
28
28
12
12
20
12
24
12
12
12
16
44
20
96
632
12
328
12
40
48
16
12
216
36
24
16
36
12
96
32
12
16
256
12
12
12
184
76
16
76
12
12
12
12
3284
12
68
288
136
184
88
16
12
124
12
48
64
32
44
12
44
12
24
12
12
228
24
52
12
24
24
1532
92
12
52
24
12
24
16
12
19620
12
16
4832
16
52
12
24
308
36
16
12
12
2223684
64
20
12
20
12
1760
156
44
280
12
28
12
12
20
12
68
16
12
12
12
72
12
12
16
116
16
16
28
12
2828
12
28
20
64
20
16
2624
120
12
160
2144
48
12
12
12
16
948
12
44
12
12
16
80
68
16
16
24
292
12
44
28
12
24
20
152
24
12
16
12
12
16
16
12
212
12
12
12
12
12
16
32
52
12
36
44
16
12
28
12
16
12
100
12
88
24
12
412
12
92
28
12
84
12
12
36
124
116
20
12
28
16
28
12
12
36
92
12
24
44
12
372
52
108
12
24
124
12
32
12
32
16
12
64
20
12
12
24
12
20
12
12
12
12
12
12
12
28
1300
12
16
64
12
48
12
12508
24
7080
20
12
16
24
12
16
28
80
36
244
48
332
88
16
20
20
12
356
20
36
336
56
20
28
84
16
16
172
20
108
764
28
12
12
12
12
56
384
12
28
16
72
56
32
44
16
72
24
16
12
40
16
16
48
12
32
12
24
36
68
20
28
44
12
304
96
20
12
16
516
28
12
12
92
16
12
2156
16
12
2232
28
12
60
20
44
868
12
12
40
16
12
600
24
392
2204
1288
12
20
32
20
192
56
12
20
28
12
12
12
12
16
24
32
1904
1440
12
12
16
12
28
60
2312
20
16
24
24
2472
386292
12
12
20
24
16
12
40
12
68
28
12
24
12
12
12
12
28
12
16
16
24
16
12
72
12
12
12
12
20
224
12
32
16
12
28
6896
88
12
48
28
12
388
16
16
12
12
28
24
7812
12
1236
32
72
12
32
24
2284
12
2924
12
16
28
12
1228
16
12
20
12
24
16
44
12
12
16
88
28
20
12
16
24
32
12
12
12
12
28
788
32
12
12
2028
1324
16
24
2304
160
12
52
12
32
20
52
12
28
24
32
16
12
148
12
20
16
12
16
24
12
732
12
20
400
28
1348
64
20
20
60
12
204
12
12
32
52
240
16
12
12
16
16
24
16
16
24
12
128
12
12
16
16
20
12
12
12
12
12
12
20
132
28
12
44
1548
32
12
2377408
44
20
28
12
312
20
12
12
20
12
16
12
20
96
16
16
16
20
3392
12
524
16
12
20
12
12
20
16
20
36
36
40
24
60
28
12
12
16
12
20
24
488
16
16
12
52
12
68
12
32
12
28
12
16
12
16
36
56
12
16
12
48
1428
20
16
12
64
12
20
20
32
32
40
12
12
16
176
12
12
20
12
12
12
120
136
24
12
12
12
52
12
52
12
32
16
48
12
116
36
12
20
20
12
36
12
12
12
432
16
28
44
16
72
36
20
20
16
12
12
12
24
12
16
16
20
32
12
12
28
16
12
12
192
12
628
20
48
12
24
20
112
12
48
112
12
12
20
512
52
72
16
168
12
56
19620
12
12
12
12
12
28
24
28
416
16
20
16
64
12
12
36
132
16
1356
16
24
12
12
20
12
12
84
120
716
12
12
112
36
32
12
12
32
144
72
16
36
3844
328
12
28
12
20
3192
160
12
12
12
16
76
12
16
20
40
28
24
40
20
1432
60
12
60
20
12
12
24
408
16
28
16
76
12
12
12
16
12
12
20
372
16
364
32
12
16
12
12
20
16
12
36
12
116
20
12
32
12
1968
24
12
20
16
5296
16
12
12
16
12
2176
12
64
40
728
20
20
28
264
12
16
16
36
16
12
348
16
16
16
16
12
176
88
12
12
12
12
28
16
16
12
68
28
12
44
24
32
12
124
24
12
12
16
60
28
12
16
16
32
12
12
24
64
12
12
676
2924
40
12
12
56
376
12
36
52
52
24
40
12
24
32
12
32
40
12
12
2231320
1612
24
28
64
100
60
12
16
24
12
132
12
16
192
60
24
16
388
196
20
12
40
56
12
12
16
40
12
44
60
16
180
40
284
220
24
16
4984
32
12
12
120
52
40
12
20
24
44
56
56
12
48
12
564484
44
24
40
28
24
12
1544
720
20
284
12
20
12
12
296
1240
104
24
12
12
16
12
24
60
44
264
24
12
1668
20
3100
44
76
76
12
144
576
24
12
20
12
16
2028
28
28
12
128
56
12
12
60
12
12
20
12
24
20
268
12
20
12
44
220
12
2416
12
2140
132
16
24
12
16
20
12
28
28
12
12
36
592
16
12
12
12
160
12
12
44
172
16
12
24
492
20
12
60
16
52
16
12
20
96
384
12
12
12
12
32
12
52
20
28
12
32
20
72
16
20
28
12
16
44
12
216
28
964
12
28
44
32
16
12
96
16
20
20
48
12
12
16
12
40
16
12
2220
1144
12
56
60
88
12
16
16
16
2514364
12
12
12
296
12
536
52
24
20
788
16
16
152
28
2696
12
20
12
52
16
12
64
12
12
16
12
24
32
12
40
16
12
296
24
12
24
12
12
112
12
16
44
24
36
12
1968
16
12
12
60
12
1288
16
16
12
24
12
68
12
20
4664
12
20
84
36
16
16
12
20
16
28
48
28
24
16
36
12
12
400
12
16
3756
12
12
36
24
12
12
16
16
20
16
12
6208
256
12
1940
44
192
76
12
32
16
28
24
72
12
16
16
12
16
28
20
12
12
20
24
12
16
100
12
12
12
20
16
40
48
12
200
160
24
28
24
84
20
32
20
12
24
1264
12
48
20
620
28
12
20
2152
20
20
12
64
2128
12
24
24
780
12
2616
216
2200
96
296
12
28
32
64
12
12
16
176
16
24
16
28
2148
12
12
604
12
16
108
16
12
12
12
16
16
52
40
32
24
844
12
20
48
12
16
1788
12
28
20
12
12
12
20
16
12
12
12
16
12
24
12
396
56
32
16
156
32
372
12
12
16
28
16
28
16
44
12
20
20
20
12
24
52
20
24
28
12
56
16
24
148
16
16
36
24
12
12
12
16
12
12
16
32
52
12
12
12
44
24
24
32
28
12
2996
16
24
32
162432
12
12
324
20
16
288
48
12
12
16
28
24
128
40
24
20
16
28
60
20
12
12
424
12
12
12
12
20
12
20
60
580
12
600
12
68
32
84
56
32
120
12
12
28
20
32
2220
24
1288
12
44
16
20
4044
12
16
36
12
24
24
12
172
12
20
16
20
12
12
20
12
164
12
12
24
12
16
12
24
72
24
12
21892
100
12
16
1856
16
40
328
44
12
28
12
16
28
20
12
12
12
16
16
20
68
24
12
44
12
20
168
279872
16
12
228
12
12
64
24
20
72
20
56
28
12
24
16
12
12
12
172
124
64
12
12
136
12
88
80
60
12
12
12
1936
24
1764
12
3032
28
12
20
20
12
16
136
12
12
12
396
12
20
24
16
12
2276
84
20
12
24
28
12
158648
48
12
20
12
12
36
368
12
12
12
12
12
28
12
332
16
60
128
32
20
16
32
32
348
32
204
12
24
12
68
44
24
508
56
16
316
24
20
12
16
20
12
152
12
16
12
8412
12
800
16
20
20
140
12
120
32
12
20
24
36
1520
12
248
12
12
24
200
12
468
12
60
12
12
20
16
92
28
16
176
20
12
12
7296
400
368
732
32
44
28
32
12
12
12
16
2244
420
12
7880
12
376
12
24
12
252
12
32
44
1716
56
184
12
6012
12
2664
304
16
16
24
12
40
36
12
28
12
12
12
12
12
56
1252
36
16
12
16
68
44
20
24
20
12
540
28
16
12
12
36
12
28
32
16
12
16
24
36
28
20
20
12
24
20
24
158644
20
40
16
12
24
36
92
56
320
12
20
92
44
12
28
12
16
12
24
120
28
56
28
156
12
12
12
148
12
204
12
52
16
68
12
12
12
54572
16
3932
12
12
12
20
16
12
12
12
12
12
24
12
56
20
12
12
36
16
20
20
28
20
12
20
3096
36
12
28
24
140
12
152
12
12
60
60
12
12
56
12
12
12
1292
220
16
164
64
12
12
12
12
12
28
12
12
2664
12
36
796
16
12
12
12
12
12
12
28
12
60
16
16
32
12
16
36
12
16
12
56
20
20
12
24
12
28
84
24
32
312
32
140
12
16
12
12
24
32
16
24
24
12
12
28
131096
12
12
20
12
64
120
16
16
12
16
12
124
28
12
12
36
12
116
12
160
72
20
324
16
16
20
32
16
228
16
12
2084
12
20
36
12
28
32
12
12
16
16
248
12
48
56
12
12
12
12
32
12
12
72
24
100
12
16
12
12
3032
12
12
12
12
12
12
12
40
12
16
40
52
36
12
12
12
20
12
528
36
76
152
92
16
31388
12
36
72
24
12
20
16
12
20
12
88
12
12
1784
12
28
24
12
12
88
16
12
2232
1284
1952
12
16
16
1028
12
252
52
60
36
1280
12
12
72
12
12
16
92
16
20
160
20
12
20
32
276
12
28
36
12
12
12
16
12
12
20
152
16
16
12
24
24
44
420
24
3300
24
12
27640
24
12
24
440
12
12
16
36
12
12
28
628
20
228
28
2404
12
44
12
20
16
12
12
20
20
92
16
12
116
12
2972
12
12
12
12
188
12
388
4924
12
28
24
16
12
40
16
56
16
32
12
16
16
12
20
12
80
2220
60
12
16
12
12
12
28
16
12
16
12
12
12
12
12
12
12
12
20
12
76
52
128
24
12
12
40
16
12
12
16
36
24
12
512
40
12
596
160
20
20
12
16
16
24
92
12
12
52
84
12
12
12
20
52
28
12
20
12
12
156
12
12
152
24
12
60
16
16
16
76
68
44
12
112
16
12
12
796
68
12
12
16
9012
20
2348
20
20
12
64
12
16
24
12
12
152
16
112
28
24
1472
12
12
156
16
3004
12
12
64
12
12
12
36
20
12
12
1404
24
12
152
12
12
12
20
92
28
32
12
12
12
12
24
12
16
28
12
12
156
112
1828
12
12
12
28
48
24
12
12
12
856
24
172
1292
16
16
32
32
4664
12
12
164
24
72
36
340
288
92
1196
64
20
104
156
3644
112
12
28
24
76
12
92
84
1564
44
48
16
28
20
20
24
12
12
12
12
512
788
2176
24
376
108
16
476
12
20
12
292
12
60
32
16
20
28
7532
24
28
52
52
12
12
12
12
16
28
48
36
12
96
76
12
16
32
16
16
12
12
28
12
16
2412
68
16
12
12
324
28
40
56
12
36
60
12
24
40
12
12
420
388
64
12
12
12
12
120
2472
12
12
16
12
3100
52
184
16
16
28
20
716
324
40
12
32
32
276
48
12
44
44
32
20
24
40
160
40
12
32
104
72
32
960
256
16
12
12
12
96
60
12
40
16
12
12
24
239172
1292
160
28
12
40
12
20
72
12
44
24
12
128
48
48
12
64
12
36
24
12
12
24
32
16
2352
28
12
12
52
12
12
36
12
52
12
16
12
12
16
12
40
12
12
12
12
36
12
56
36
12
12
120
12
16
12
16
540
12
100
56
12
24
16
16
72
32
120
12
212
12
36
12
16
12
872
28
12
12
12
20
52
20
12
16
56
12
12
12
12
24
12
28
12
16
24
12
12
28
12
52
16
20
12
20
28
12
12
12
28
64
352
336
20
628
16
12
292
7376
12
296
68
1280
28
16
12
12
16
20
12
12
368
12
12
948
12
12
44
24
12
12
276
12
12
20
2596
16
16
160
12
36
48
20
96
12
24
12
12
16
20
76
20
340
12
28
40
12
44
144
12
12
20
32
20
12
24
84
12
24
12
40
16
16
12
12
20
32
56
12
16
24
12
12
44
40
12
24
16
12
24
1140
12
12
16
664
12
12
32
36
16
40
16
96
12
3648
160
284
12
44
44
24
128
12
12
144
12
12
20
60
24
16
48
12
128
20
40
4304
12
12
12
36
16
24
2036
12
76
12
16
16
60
20
12
48
12
12
1068
16
12
20
136
24
12
12
24
1228
24
12
19344
12
160
20
12
12
20
20
16
40
12
24
152
368
84
332
38616
32
12
24
20
16
472
12
24
12
236
12
64
40
12
24
12
24
12
12
16
40
9316
60
12
12
12
68
16
16
12
12
20
116
12
12
12
360
508
92
172
16
12
32
20
1680
2080
12
912
60
16
20
12
48
56
12
12
2604
12
16
3077708
20
12
68
12
20
16
48
12
1156
16
12
12
12
52
12
12
112
28
12
12
24
24
12
12
32
28
12
20
28
20
12
12
172
16
164
12
72
12
20
84
284
728
36
24
12
12
16
12
780
64
32
12
1748
12
16
44
32
12
12
12
12
16
12
12
40
12
120
12
52
24
24
12
20
20
36
1472
12
40
28
12
36
24
2284
12
80
32
28
12
20
12
12
12
16
12
12
28
28
84
12
12508
12
156
16
72
152
16
44
12
12
292
12
36
20
84
32
12
21020
12
60
2768
12
32
24
16
20
16
64
12
56
16
20
40
28
12
68
3772
312
20
60
4656
36
12
12
16
16
12
60
40
944
12
32
12
12
528
44
192
40
12
16
116
20
12
12
12
12
16
2512
360
32
56
16
12
44
44
20
1368
40
16
12
16
12
36
24
252
60
24
20
24
12
2068
12
16
16
12
2308
12
480
488
20
20
32
12
12
16
12
16
16
20
56
12
12
16
28
4264
12
24
12
12
28
24
48
12
564
32
12
16
12
12
12
16
24
24
1184
36
24
12
12
372
12
12
12
24
16
36
12
16
28
12
16
12
16
12
336
16
16
24
20
16
20
12
372
116
196
20
12
36
24
28
28
1656
12
328
24
204
12
16
448
12
140
20
68
40
24
12
36
12
20
12
16
12
568
44
20
48
76
20
32
292
12
12
12
44
12
12
24
3804
504
16
76368
96
12
12
16
208
12
3100
16
160
20
16
12
16
12
140
12
28
16
56
44
12
16
28
24
32
48
28
12
12
40
20
64
112
12
12
44
20
12
48
24
12
20
104
12
12
76
24
16
16
28
576
32
16
52
12
44
12
16
12
12
28
20
20
12
12
12
36
12
12
16
12
16
268
16
16
192
76
16
12
28
28
16
3400
16
28
92
220
1316
16
1948
20
24
12
12
440
48
16
12
1152
32
24
24
12
12
56
12
16
24
304
16
40
12
12
60
16
12
24
12
12
12
16
12
604
92
16
12
12
12
16
16
16
16
60
2412
12
12
20
52
72
12
32
12
64
28
12
12
32
12
12
16
12
12
216
12
24
44
16
12
16
12
12
16
16
28
24
580
52
28
76
12
12
12
12
12
12
40
20
3096
164
196
16
12
12
12
20
24
32
32
12
24
12
168
12
12
44
12
32
32
136
44
12
52
236
12
12
28
252
12
16
24
24
12
16
12
48
220
12
12
16
468
12
444
52
12
24
16
12
12
44
12
12
12
12
12
24
20
116
28
40
16
68
12
28
12
24
568
64
24
12
12
12
40
756
12
12
44
12
24
12
44
12
12
16
12
12
16
252
12
32
12
68
12
12
28
24
12
20
24
12
20
24
24
20
16
16
12
12
20
12
12
16
16
12
16
20
1240
28
28
92
856
16
88
172
16
1752
68
12
12
12
2504
84
16
12
12
12
12
12
28
12
28
480
12
12
20
20
116
12
88
24
12
40
16
12
780
12
32
28
12
64
28
16
24
12
64
